
Element: 0
   8.65239   -2.95378
  -2.13335     2.8703
   3.07639   -3.28102
-0.0761863    4.11349
  -3.90363    3.10665
  -6.39413    1.21168

Element: 1
   -3.3621   -1.62472  -0.605363   -1.50045   0.341969   -5.52046
   1.54377   0.957757   -1.58709    4.52053  -0.428962    6.05856
  -1.06016   -0.99049    1.13905  -0.981683   0.251704   -2.46015
  -1.37144   -1.27224  -0.385527 -0.0773569  -0.188473   -2.43803
  -6.80963    1.90035   -1.76308 -0.0727325    2.35356 -0.0860883
  -5.71394   0.670727   -2.28781   0.655151    2.89409   0.655745

Element: 2
  1.37254  -6.23419  0.514381  0.787216   3.84715   2.89685
  3.92276  -5.91499   2.09016  0.647051   2.57701   2.08598
  3.61039  -5.81734   1.95398     1.271   2.29585   2.02056
  3.25681  -6.41326   1.55216 0.0975938    3.1302   2.15614
   2.4247  -6.36889  0.517247  0.634353   3.49439   2.35138
  1.87903  -6.06725  0.924111   1.20587   1.87047    1.2648

Element: 3
 33.2208 -10.6303 -4.40663 -6.61258  39.9606  1.63671
-7.07119  32.0842  26.2964  29.3084 -17.8063  21.0141
